[gd_scene load_steps=2 format=2]

[ext_resource path="res://resources/models/layers/withering/AI/AI.glb" type="PackedScene" id=1]

[node name="AI" instance=ExtResource( 1 )]

[node name="arm_1" parent="ArmArmature/base" index="0"]
transform = Transform( 0.753839, 0.189629, 0.627334, 0.328549, -0.937551, -0.112622, 0.566095, 0.291614, -0.770025, -2.05115, -0.0907834, -0.110145 )

[node name="arm_2" parent="ArmArmature/base/arm_1" index="0"]
transform = Transform( 0.879943, -0.257935, 0.398961, -0.162858, 0.62512, 0.763349, -0.446293, -0.736677, 0.508063, -3.0083e-07, 6.8098, -2.48313e-07 )

[node name="panel" parent="ArmArmature/base/arm_1/arm_2" index="0"]
transform = Transform( 0.831524, -0.506488, 0.228117, 0.5066, 0.522987, -0.685449, 0.22787, 0.685532, 0.691463, -0.32297, 6.7758, -0.289441 )

[node name="wire_input_1" parent="ArmArmature/base/arm_1/arm_2/panel" index="0"]
transform = Transform( 0.373504, -0.80596, -0.459264, 0.775719, -0.000121236, 0.631079, -0.50868, -0.59197, 0.625153, -0.0115127, 2.79444, -0.0563393 )

[node name="wire_input_2" parent="ArmArmature/base/arm_1/arm_2/panel" index="1"]
transform = Transform( 0.373504, -0.80596, -0.459264, 0.775719, -0.000121355, 0.631078, -0.50868, -0.59197, 0.625153, -0.0763353, 5.67036, 0.0312982 )

[node name="wire_input_3" parent="ArmArmature/base/arm_1/arm_2/panel" index="2"]
transform = Transform( 0.373504, -0.80596, -0.459264, 0.775719, -0.000121236, 0.631078, -0.50868, -0.59197, 0.625153, -0.135689, 8.93086, 0.111544 )

[node name="base2" parent="AIArmature" index="0"]
transform = Transform( 1, 0, 0, 0, 1, 0, 0, 0, 1, 0, 0, 0 )

[node name="wing_3" parent="AIArmature/base2" index="0"]
transform = Transform( 1, 0, 0, 0, 1, 0, 0, 0, 1, 2.0612e-15, -9.28284, 4.99923 )

[node name="wing_1" parent="AIArmature/base2" index="1"]
transform = Transform( 1, 0, 0, 0, 1, 0, 0, 0, 1, 2.74434e-15, -12.3594, -4.77605 )

[node name="wing_2" parent="AIArmature/base2" index="2"]
transform = Transform( 1, 0, 0, 0, 1, 0, 0, 0, 1, 5.76043, -9.44272, 0 )

[node name="head" parent="AIArmature/base2" index="3"]
transform = Transform( 1, 0, 2.38419e-07, 0, 1, 0, -2.38419e-07, 0, 1, 0, -8.19414, 0 )

[node name="spiral" parent="AIArmature" index="1"]
transform = Transform( 1, 0, 3.57628e-07, 0, 1, 0, -3.57628e-07, 0, 1, -10, 4.37, 0 )
